35.829893 128.704733
35.830677 128.706927
35.833568 128.707722
35.835133 128.705770
35.838890 128.704295
35.841575 128.702625
35.841643 128.686103
35.842260 128.699793
35.842665 128.689472
35.842774 128.680426
35.843033 128.694545
35.845700 128.673777
35.847573 128.670242
35.851010 128.665345
35.853482 128.657937
35.854982 128.653945
35.856362 128.651380
35.858018 128.648288
35.860165 128.647197
35.862313 128.648248
35.863499 128.647005
35.864235 128.643975
35.866048 128.639740
35.869558 128.637435
35.873957 128.634607
35.876667 128.632833
35.877553 128.630006
35.879392 128.626994
35.881607 128.615972
35.881913 128.625688
35.882593 128.612402
35.882813 128.621450
35.884985 128.614497
35.889042 128.617205
35.890402 128.619075
35.892907 128.621338
35.894782 128.618743
35.898348 128.615235
35.901585 128.616073
35.905005 128.602910
35.905345 128.605198
35.905425 128.618260
35.906959 128.608631
35.906970 128.618617
35.907812 128.610601
35.909825 128.614955
35.915770 128.599638
35.916570 128.602752
35.917988 128.603740
35.920455 128.603587
35.921148 128.601222
35.921415 128.599670
35.928026 128.599165
35.931490 128.560292
35.931773 128.557193
35.931924 128.555478
35.932383 128.551303
35.932720 128.561613
35.933783 128.544812
35.934000 128.541537
35.935067 128.562082
35.936430 128.541323
35.938568 128.562678
35.938905 128.541798
35.942187 128.542140
35.942467 128.542498
35.943397 128.570257
35.943504 128.563641
35.943824 128.573868
35.944090 128.565427
35.945660 128.544155
35.946170 128.544633
35.947541 128.546756