35.833568 128.707722
35.831853 128.707208
35.830677 128.706927
35.835133 128.705770
35.834737 128.705558
35.829990 128.705272
35.829893 128.704733
35.838890 128.704295
35.838522 128.704092
35.830595 128.703107
35.841575 128.702625
35.841284 128.702343
35.842260 128.699793
35.842158 128.698725
35.842782 128.695038
35.843033 128.694545
35.842438 128.689702
35.842665 128.689472
35.841700 128.687358
35.841643 128.686103
35.842120 128.681455
35.842774 128.680426
35.845700 128.673777
35.845343 128.673773
35.847573 128.670242
35.847845 128.669235
35.851010 128.665345
35.850885 128.664908
35.853482 128.657937
35.853313 128.657377
35.854633 128.653953
35.854982 128.653945
35.856362 128.651380
35.856663 128.650095
35.858018 128.648288
35.862313 128.648248
35.858108 128.647540
35.861992 128.647472
35.860165 128.647197
35.863499 128.647005
35.863926 128.645816
35.864235 128.643975
35.864423 128.643860
35.865858 128.640520
35.866048 128.639740
35.869558 128.637435
35.869417 128.637268
35.873957 128.634607
35.874093 128.634475
35.876422 128.632878
35.876667 128.632833
35.877355 128.630074
35.877553 128.630006
35.879392 128.626994
35.878616 128.626875
35.881913 128.625688
35.882943 128.622597
35.882813 128.621450
35.892907 128.621338
35.893510 128.620015
35.890567 128.619380
35.890402 128.619075
35.894782 128.618743
35.905920 128.618693
35.906970 128.618617
35.905425 128.618260
35.895017 128.618108
35.889382 128.617488
35.889042 128.617205
35.881643 128.617127
35.908900 128.616938
35.902328 128.616098
35.901585 128.616073
35.881607 128.615972
35.897000 128.615617
35.898348 128.615235
35.899493 128.615133
35.909825 128.614955
35.884985 128.614497
35.884030 128.613352
35.908280 128.612462
35.882593 128.612402
35.907812 128.610601
35.906837 128.609335
35.906959 128.608631
35.905235 128.605538
35.905345 128.605198
35.917988 128.603740
35.917968 128.603663
35.920397 128.603612
35.920455 128.603587
35.905005 128.602910
35.916570 128.602752
35.916685 128.602563
35.921148 128.601222
35.921122 128.601222
35.921415 128.599670
35.915770 128.599638
35.915216 128.599346
35.922605 128.599277
35.928026 128.599165
35.925515 128.598933
35.927830 128.598777
35.943638 128.573960
35.943824 128.573868
35.943222 128.570370
35.943397 128.570257
35.943825 128.565442
35.944090 128.565427
35.943027 128.563721
35.943504 128.563641
35.937927 128.562810
35.938568 128.562678
35.935555 128.562270
35.935067 128.562082
35.933017 128.561903
35.932720 128.561613
35.931490 128.560292
35.931538 128.557600
35.931773 128.557193
35.931924 128.555478
35.931783 128.555382
35.932232 128.551873
35.932383 128.551303
35.947541 128.546756
35.933783 128.544812
35.946170 128.544633
35.945660 128.544155
35.933733 128.543905
35.942467 128.542498
35.942187 128.542140
35.941842 128.541903
35.938905 128.541798
35.933847 128.541795
35.939578 128.541613
35.934000 128.541537
35.936430 128.541323
35.936155 128.540898
128.555478 35.946170
128.544812 35.945660
128.563641 35.945660
128.603587 35.944090
128.614955 35.943824
128.557600 35.943638
128.562270 35.943638
128.555382 35.943638
128.599638 35.943397
128.551873 35.943222
128.542140 35.942187
128.544633 35.942187
128.541537 35.942187
128.544155 35.942187
128.541798 35.942187
128.541323 35.942187
128.546756 35.942187
128.542498 35.942187
128.560292 35.938905
128.541795 35.935555
128.603740 35.935067
128.551303 35.934000
128.573868 35.933783
128.557193 35.933783
128.562678 35.933783
128.602752 35.932720
128.602910 35.932720
128.565427 35.932720
128.599165 35.932383
128.570257 35.932383
128.561613 35.931924
128.562082 35.931924
128.541613 35.931783
128.540898 35.931538
128.543905 35.931538
128.599670 35.931490
128.618260 35.928026
128.565442 35.922605
128.563721 35.922605
128.608631 35.921148
128.573960 35.917968
128.562810 35.916685
128.618743 35.916570
128.605198 35.916570
128.603663 35.915216
128.602563 35.915216
128.599277 35.915216
128.603612 35.915216
128.570370 35.915216
128.618617 35.909825
128.599346 35.908900
128.616938 35.908900
128.612462 35.908900
128.605538 35.908900
128.609335 35.908900
128.598933 35.908280
128.621338 35.907812
128.601222 35.906837
128.598777 35.905235
128.610601 35.905005
128.616073 35.905005
128.615235 35.905005
128.617205 35.901585
128.618693 35.899493
128.619075 35.894782
128.615972 35.894782
128.614497 35.894782
128.621450 35.894782
128.615133 35.893510
128.625688 35.890402
128.630006 35.890402
128.616098 35.889382
128.632833 35.884985
128.612402 35.884985
128.619380 35.884030
128.620015 35.882943
128.617488 35.882943
128.639740 35.881913
128.615617 35.881643
128.618108 35.881643
128.637435 35.881607
128.634607 35.881607
128.626994 35.881607
128.617127 35.878616
128.613352 35.878616
128.643975 35.877553
128.648248 35.877553
128.648288 35.876667
128.647197 35.876667
128.657937 35.876667
128.632878 35.874093
128.622597 35.874093
128.647005 35.873957
128.653945 35.873957
128.651380 35.869558
128.670242 35.866048
128.665345 35.866048
128.626875 35.864423
128.680426 35.864235
128.673777 35.864235
128.689472 35.863499
128.686103 35.863499
128.643860 35.861992
128.645816 35.861992
128.630074 35.858108
128.702625 35.858018
128.699793 35.856362
128.694545 35.856362
128.704295 35.853482
128.634475 35.850885
128.640520 35.850885
128.657377 35.847845
128.637268 35.845343
128.647540 35.845343
128.706927 35.843033
128.664908 35.842782
128.647472 35.842782
128.707722 35.842774
128.705770 35.842774
128.704733 35.842665
128.703107 35.838890
128.669235 35.838522
128.653953 35.838522
128.689702 35.838522
128.673773 35.834737
128.650095 35.834737
128.681455 35.831853
128.695038 35.829990
128.705272 35.829990
128.705558 35.829990
128.704092 35.829990
128.707208 35.829990
128.687358 35.829990
128.698725 35.829990
128.702343 35.829990