35.858108 128.647540
35.860165 128.647197
35.861992 128.647472
35.863499 128.647005
35.863926 128.645816
35.864235 128.643975
35.864423 128.643860
35.865858 128.640520
35.866048 128.639740
35.869558 128.637435
35.873957 128.634607
35.874093 128.634475
35.876422 128.632878
35.876667 128.632833
35.877355 128.630074
35.878616 128.626875
35.879392 128.626994
35.881913 128.625688
35.882943 128.622597
35.882813 128.621450
35.881643 128.617127
35.881607 128.615972
35.882593 128.612402
35.884030 128.613352
35.884985 128.614497
35.889042 128.617205
35.889382 128.617488
35.890402 128.619075
35.890567 128.619380
35.892907 128.621338
35.893510 128.620015
35.894782 128.618743
35.895017 128.618108
35.897000 128.615617
35.898348 128.615235
35.899493 128.615133
35.901585 128.616073
35.902328 128.616098
35.905425 128.618260
35.905920 128.618693
35.906970 128.618617
35.908900 128.616938
35.908280 128.612462
35.907812 128.610601
35.906837 128.609335
35.905235 128.605538